   3.5833102e+00
   1.7599761e+00
  -3.0603531e+00
   9.7716492e-01
   8.2928329e-01
  -1.8001310e+00
  -7.7023204e-01
  -8.7267722e-01
  -9.4612260e-01
  -9.1801898e-01
  -7.3937328e-01
   1.5605601e+00
   2.7933255e+00
   2.0766665e-01
  -3.3438763e-01
   9.7324109e-02
  -1.0456418e-01
  -1.9782688e+00
  -6.9326352e-01
   1.2287115e+00
   9.6866132e-01
  -1.2259500e-01
   3.7435597e-01
  -2.5801943e-01
   9.9382770e-01
  -4.4743947e-01
  -1.5859571e+00
  -6.3843955e-01
  -9.0885707e-01
   1.0023857e+00
   1.7736553e+00
   1.1205451e+00
   1.2728351e+00
   1.4301637e+00
   1.1167288e+00
  -1.7314618e+00
   2.6096513e-01
   3.0061915e-01
  -7.9403835e-01
  -7.3774442e-01
   2.3857681e+00
   2.0227900e+00
   2.0469730e+00
   7.5113506e-01
   9.9032954e-01
  -1.3085542e+00
  -4.6240893e+00
   6.1504348e-01
   5.1476325e-01
   1.0286316e+00
  -9.3853146e-01
  -3.6491069e-01
   4.9947349e+00
   6.9596415e-01
  -4.6089539e-02
   4.7760489e-01
   8.0799693e-01
  -2.8664309e+00
  -2.0203871e+00
   1.0468353e+00
   2.6139861e-01
   1.5833591e-02
   1.7648029e-01
   9.0632427e-01
   1.1353610e+00
  -2.7054336e+00
  -2.0076031e+00
  -9.3425741e-02
  -9.1272873e-01
  -1.9773439e-01
   1.1812626e-01
   3.3243486e-01
   1.9684488e+00
   1.1800623e+00
   6.2705192e-01
  -7.6477940e-02
   1.4084462e-01
   3.0196141e-01
  -6.5787870e-01
  -1.0262660e+00
   7.1657083e-01
   2.9304691e+00
  -8.0324597e-01
  -9.1394189e-01
   1.7373076e+00
   1.3484043e+00
  -2.4004087e+00
  -1.9852964e+00
   3.1982945e-01
   7.8889032e-01
  -3.3474340e+00
  -3.0346230e-01
   2.9052737e+00
   3.7728637e+00
  -3.2286834e+00
  -1.7538653e+00
   4.8958635e-01
  -1.6599590e+00
  -3.3051774e+00
  -1.9744177e+00
   2.2927492e+00
   1.6513655e-01
  -3.8182776e-01
   1.1826301e+00
   2.7468654e+00
   3.5295921e-01
  -2.3186760e+00
  -1.3347991e+00
   1.1216691e+00
   5.5783522e-01
  -6.4454979e-01
   2.2294671e+00
   9.7946257e-01
   1.0491037e+00
  -2.6055589e-01
  -1.0853327e-02
  -2.2739780e+00
  -2.4173150e+00
  -1.9186408e+00
   2.5044565e-02
   1.0469446e+00
   1.4972519e+00
   1.1861153e+00
   7.1548376e-01
   4.0860694e-01
   2.2548845e+00
  -6.5462949e-01
  -1.2428504e+00
