0.000000
213.301163
-119.672226
417.078918
65.418381
242.519409
404.382050
7.963837
473.250305
46.595638
149.885239
243.757004
-210.559433
210.559433
-243.757004
-149.885239
-46.595638
-473.250305
-7.963837
-404.382050
-242.519409
-65.418381
-417.078918
119.672226
-213.301163
-0.000001
213.301163
-119.672226
417.078918
65.418381
242.519409
404.382050
7.963837
473.250305
46.595638
149.885239
243.757004
-210.559433
210.559433
-243.757004
-149.885239
-46.595638
-473.250305
-7.963838
-404.382050
-242.519409
-65.418381
-417.078918
119.672226
-213.301163
-0.000001
213.301163
-119.672226
417.078918
65.418381
242.519409
404.382050
7.963837
473.250305
46.595638
149.885239
243.757004
-210.559433
210.559433
-243.757004
-149.885239
-46.595638
-473.250305
-7.963838
-404.382050
-242.519409
-65.418381
-417.078918
119.672226
-213.301163
-0.000002
213.301163
-119.672226
417.078918
65.418381
242.519409
404.382050
7.963837
473.250305
46.595638
149.885239
243.757004
-210.559433
210.559433
-243.757004
-149.885239
-46.595634
-473.250305
-7.963838
-404.382050
-242.519409
-65.418381
-417.078918
119.672226
-213.301163
-0.000002
213.301163
-119.672226
417.078918
65.418381
242.519409
404.382050
7.963837
473.250305
46.595638
149.885239
243.757004
-210.559433
210.559433
-243.757004
-149.885239
-46.595634
-473.250305
-7.963838
-404.382050
-242.519409
-65.418381
-417.078918
119.672226
-213.301163
-0.000003
213.301163
-119.672226
417.078918
65.418381
242.519409
404.382050
7.963837
473.250305
46.595638
149.885239
243.757004
-210.559433
210.559433
-243.757004
-149.885239
-46.595634
-473.250305
-7.963838
-404.382050
-242.519409
-65.418381
-417.078918
119.672226
-213.301163
-0.000003
213.301163
-119.672226
417.078918
65.418381
242.519409
404.382050
7.963837
473.250305
46.595638
149.885239
243.757004
-210.559433
210.559433
-243.757004
-149.885239
-46.595634
-473.250305
-7.963838
-404.382050
-242.519409
-65.418381
-417.078918
119.672226
-213.301163
-0.000004
213.301163
-119.672226
417.078918
65.418381
242.519409
404.382050
7.963836
473.250305
46.595642
149.885239
243.757004
-210.559433
210.559433
-243.757004
-149.885239
-46.595634
-473.250305
-7.963838
-404.382050
-242.519409
-65.418381
-417.078918
119.672226
-213.301163
-0.000004
213.301163
-119.672226
417.078918
65.418381
242.519409
404.382050
7.963836
473.250305
46.595642
149.885239
243.757004
-210.559433
210.559433
-243.757004
-149.885239
-46.595634
-473.250305
-7.963839
-404.382050
-242.519409
-65.418381
-417.078918
119.672226
-213.301163
-0.000005
213.301163
-119.672226
417.078918
65.418388
242.519409
404.382050
7.963836
473.250305
46.595642
149.885239
243.757004
-210.559433
210.559433
-243.757004
-149.885239
-46.595634
-473.250305
-7.963839
-404.382050
-242.519409
-65.418381
-417.078918
119.672226
-213.301163
-0.000005
213.301163
-119.672226
417.078918
65.418388
242.519409
