2.068241
0.498351
-1.231401
1.613930
2.156180
-0.538679
-0.805850
1.120667
-0.431519
-3.340249
0.255080
0.129823
2.010154
-0.366410
1.501041
0.212809
-0.984418
-1.394801
-0.695519
0.562456
0.131135
-0.767210
1.198445
-0.580815
-0.996564
0.883587
-1.366835
-1.432776
0.511594
0.290759
1.422276
-0.176480
2.502440
2.090025
-0.865047
-2.448932
-0.951017
-0.244563
-2.296474
-1.373384
3.044014
1.462350
0.515629
-0.746496
2.821506
-0.627093
-2.706307
-0.243500
0.996126
-0.440525
0.554994
2.185915
2.408999
0.733106
-2.215384
0.691979
2.053301
-3.439419
-0.963379
2.479368
1.807932
1.826443
0.301371
0.328343
-1.512320
-1.815182
-0.649474
0.087516
-0.012169
-1.125004
0.551503
-0.335378
0.275706
-0.387870
0.467935
-0.678541
-2.123528
-0.639461
-1.313873
-1.278336
1.729984
1.875166
1.008938
0.515778
0.848327
1.033525
-1.246927
-0.915140
1.207123
2.367915
-0.777911
-0.011143
4.197360
0.591104
-1.902208
-0.272209
1.104710
0.642758
-1.485618
0.392074
1.782412
1.233902
-2.372460
1.231782
2.644239
-1.068921
-1.697840
1.868534
1.714071
-0.832588
0.123111
2.494846
0.566566
-0.856873
0.519612
0.284074
0.015626
-2.732779
-0.769520
1.169957
-0.659037
0.959091
0.735777
-0.139331
-0.011365
-2.352224
-3.180291
-2.498058
